2 0.5531921875 0.10599687499999999 0.547871875 0.0306828125 0.5372343749999999 0.0306828125 0.5 0.040446875 0.4734046875 0.1032078125 0.462765625 0.21617812500000003 0.41489374999999995 0.39051562500000003 0.4202125 0.4741984375 0.377659375 0.5397484375 0.372340625 0.6317984375 0.3297875 0.7126921875 0.3297875 0.74198125 0.34574531249999996 0.7503484375 0.377659375 0.747559375 0.4414890625 0.5230125 0.4893609375 0.288703125 0.5531921875 0.10599687499999999
2 0.6968078125 0.2036265625 0.659575 0.1994421875 0.6542546875 0.1994421875 0.5265953125 0.2092046875 0.531915625 0.22036250000000002 0.622340625 0.21617812500000003 0.6489359375 0.21059999999999998 0.6914890625 0.21199374999999998 0.6968078125 0.2036265625
2 0.382978125 0.21757343750000002 0.1914890625 0.206415625 0.1914890625 0.2050203125 0.17553125 0.21617812500000003 0.19680781249999998 0.2231515625 0.27659531249999997 0.21896718750000002 0.40957499999999997 0.2273359375 0.4202125 0.224546875 0.382978125 0.21757343750000002
2 0.132978125 0.34030625 0.11702187500000001 0.344490625 0.1010640625 0.3695953125 0.1489359375 0.4602515625 0.17553125 0.43514687500000004 0.16489375 0.33054375 0.1914890625 0.28451875000000004 0.1861703125 0.2719671875 0.16489375 0.2663875 0.17021250000000002 0.2217578125 0.16489375 0.22036250000000002 0.11702187500000001 0.298465625 0.132978125 0.34030625
2 0.3510640625 0.4658296875 0.281915625 0.471409375 0.17553125 0.471409375 0.159575 0.472803125 0.159575 0.48117187499999997 0.367021875 0.48117187499999997 0.3989359375 0.47559218750000004 0.40957499999999997 0.47838281250000003 0.45212812500000005 0.4741984375 0.4468078125 0.463040625 0.42553124999999997 0.463040625 0.377659375 0.46861875 0.3510640625 0.4658296875
2 0.5691484375 0.45746093749999994 0.531915625 0.4658296875 0.5957453125 0.4658296875 0.617021875 0.45746093749999994 0.617021875 0.45606718749999997 0.5797875 0.4602515625 0.5691484375 0.45746093749999994
2 0.6755312499999999 0.38075312499999997 0.707446875 0.30543906249999997 0.6968078125 0.25801875 0.7287234375 0.2357046875 0.718084375 0.2357046875 0.6968078125 0.23849375 0.707446875 0.244071875 0.66489375 0.256625 0.66489375 0.27615 0.6808515625 0.28033437499999997 0.6914890625 0.2733609375 0.6968078125 0.2859140625 0.6808515625 0.29428125 0.6808515625 0.3138078125 0.6542546875 0.31799218749999997 0.6436171875000001 0.4602515625 0.617021875 0.5299859375 0.659575 0.4923296875 0.6755312499999999 0.38075312499999997
2 0.622340625 0.3375171875 0.5638296875 0.3472796875 0.5 0.34867499999999996 0.48404218749999994 0.3584375 0.5691484375 0.3556484375 0.6382984375 0.34309687499999997 0.632978125 0.3375171875 0.622340625 0.3375171875
2 0.1451859375 0.5969375 0.165265625 0.5916734375 0.172984375 0.5855984375000001 0.20232968750000002 0.5847875 0.30272343749999997 0.5827625000000001 0.3058140625 0.5787140625 0.288825 0.5775 0.1668078125 0.5766890625000001 0.135915625 0.5811437500000001 0.13128125 0.5916734375 0.1451859375 0.5969375
2 0.1881171875 0.6705656249999999 0.3472921875 0.6703125 0.3530796875 0.6639890625 0.1582125 0.6637359375 0.1340953125 0.66120625 0.13891562500000001 0.649065625 0.13602187500000001 0.6412234375 0.1447078125 0.6260453125 0.1003296875 0.638946875 0.0993609375 0.6581718750000001 0.1379515625 0.6718296875 0.1881171875 0.6705656249999999
2 0.4032453125 0.6685421875 0.4379734375 0.665759375 0.50068125 0.661459375 0.549878125 0.6556421875 0.535409375 0.652859375 0.40710625 0.6617124999999999 0.4032453125 0.6685421875
2 0.17750468749999998 0.7583390624999999 0.20451562499999998 0.7631453125000001 0.5209359375 0.750496875 0.5479515625 0.7469546874999999 0.544090625 0.74215 0.17171875 0.7573265625000001 0.17750468749999998 0.7583390624999999
2 0.377196875 0.7573265625000001 0.32703125 0.7618796875 0.3241390625 0.8139875 0.34150468749999996 0.813228125 0.369478125 0.7757921875 0.377196875 0.7573265625000001
2 0.3154578125 0.888859375 0.34150468749999996 0.8746953124999999 0.3472921875 0.8499046874999999 0.36755312500000004 0.8256218750000001 0.461128125 0.817021875 0.2585421875 0.8175281249999999 0.2652921875 0.8236000000000001 0.29905781249999996 0.8279 0.288446875 0.8787421875 0.3154578125 0.888859375
2 0.6108296875 0.5528328124999999 0.586325 0.5604484375000001 0.4955640625 0.56735 0.497378125 0.56735 0.4855796875 0.572346875 0.5001015625 0.5744890625 0.5218828125 0.5709187499999999 0.5736171875 0.56735 0.5409421875 0.5725859375 0.49193125000000004 0.5787734375 0.43475 0.584246875 0.4383828125 0.5921000000000001 0.5064515625 0.581865625 0.6008453125 0.57068125 0.6171859375000001 0.566396875 0.6108296875 0.5528328124999999